<?xml version="1.0" encoding="utf-8" standalone="no"?>
<!DOCTYPE svg PUBLIC "-//W3C//DTD SVG 1.1//EN"
  "http://www.w3.org/Graphics/SVG/1.1/DTD/svg11.dtd">
<!-- Created with matplotlib (http://matplotlib.org/) -->
<svg height="432pt" version="1.1" viewBox="0 0 432 432" width="432pt" xmlns="http://www.w3.org/2000/svg" xmlns:xlink="http://www.w3.org/1999/xlink">
 <defs>
  <style type="text/css">
*{stroke-linecap:butt;stroke-linejoin:round;}
  </style>
 </defs>
 <g id="figure_1">
  <g id="patch_1">
   <path d="M 0 432 
L 432 432 
L 432 0 
L 0 0 
z
" style="fill:#ffffff;"/>
  </g>
  <g id="axes_1">
   <g id="patch_2">
    <path d="M 384.48 214.92 
C 384.48 193.504531 380.261619 172.2973 372.066274 152.511986 
C 363.870929 132.726672 351.857997 114.74805 336.714974 99.605026 
C 321.57195 84.462003 303.593328 72.449071 283.808014 64.253726 
C 264.0227 56.058381 242.815469 51.84 221.4 51.84 
C 199.984531 51.84 178.7773 56.058381 158.991986 64.253726 
C 139.206672 72.449071 121.22805 84.462003 106.085026 99.605026 
C 90.942003 114.74805 78.929071 132.726672 70.733726 152.511986 
C 62.538381 172.2973 58.32 193.504531 58.32 214.92 
C 58.32 236.335469 62.538381 257.5427 70.733726 277.328014 
C 78.929071 297.113328 90.942003 315.09195 106.085026 330.234974 
C 121.22805 345.377997 139.206672 357.390929 158.991986 365.586274 
C 178.7773 373.781619 199.984531 378 221.4 378 
C 242.815469 378 264.0227 373.781619 283.808014 365.586274 
C 303.593328 357.390929 321.57195 345.377997 336.714974 330.234974 
C 351.857997 315.09195 363.870929 297.113328 372.066274 277.328014 
C 380.261619 257.5427 384.48 236.335469 384.48 214.92 
M 221.4 214.92 
C 221.4 214.92 221.4 214.92 221.4 214.92 
C 221.4 214.92 221.4 214.92 221.4 214.92 
C 221.4 214.92 221.4 214.92 221.4 214.92 
C 221.4 214.92 221.4 214.92 221.4 214.92 
C 221.4 214.92 221.4 214.92 221.4 214.92 
C 221.4 214.92 221.4 214.92 221.4 214.92 
C 221.4 214.92 221.4 214.92 221.4 214.92 
C 221.4 214.92 221.4 214.92 221.4 214.92 
C 221.4 214.92 221.4 214.92 221.4 214.92 
C 221.4 214.92 221.4 214.92 221.4 214.92 
C 221.4 214.92 221.4 214.92 221.4 214.92 
C 221.4 214.92 221.4 214.92 221.4 214.92 
C 221.4 214.92 221.4 214.92 221.4 214.92 
C 221.4 214.92 221.4 214.92 221.4 214.92 
C 221.4 214.92 221.4 214.92 221.4 214.92 
C 221.4 214.92 221.4 214.92 221.4 214.92 
M 384.48 214.92 
z
" style="fill:#ffffff;"/>
   </g>
   <g id="patch_3">
    <path clip-path="url(#pc07254d655)" d="M 221.4 149.688 
L 254.016 158.427431 
L 249.646285 198.612 
L 254.016 214.92 
L 249.646285 231.228 
L 270.324 299.658854 
L 221.4 247.536 
L 205.092 243.166285 
L 136.661146 263.844 
L 188.784 214.92 
L 164.907431 182.304 
L 188.784 158.427431 
z
" style="fill:#90ee90;opacity:0.4;"/>
   </g>
   <g id="matplotlib.axis_1">
    <g id="xtick_1">
     <g id="line2d_1">
      <path clip-path="url(#pc07254d655)" d="M 221.4 214.92 
L 221.4 51.84 
" style="fill:none;stroke:#b0b0b0;stroke-linecap:square;stroke-width:0.8;"/>
     </g>
     <g id="text_1">
      <!-- 1 -->
      <defs>
       <path d="M 12.40625 8.296875 
L 28.515625 8.296875 
L 28.515625 63.921875 
L 10.984375 60.40625 
L 10.984375 69.390625 
L 28.421875 72.90625 
L 38.28125 72.90625 
L 38.28125 8.296875 
L 54.390625 8.296875 
L 54.390625 0 
L 12.40625 0 
z
" id="DejaVuSans-31"/>
      </defs>
      <g style="fill:#808080;" transform="translate(217.5825 41.15125)scale(0.12 -0.12)">
       <use xlink:href="#DejaVuSans-31"/>
      </g>
     </g>
    </g>
    <g id="xtick_2">
     <g id="line2d_2">
      <path clip-path="url(#pc07254d655)" d="M 221.4 214.92 
L 302.94 73.688577 
" style="fill:none;stroke:#b0b0b0;stroke-linecap:square;stroke-width:0.8;"/>
     </g>
     <g id="text_2">
      <!-- 2 -->
      <defs>
       <path d="M 19.1875 8.296875 
L 53.609375 8.296875 
L 53.609375 0 
L 7.328125 0 
L 7.328125 8.296875 
Q 12.9375 14.109375 22.625 23.890625 
Q 32.328125 33.6875 34.8125 36.53125 
Q 39.546875 41.84375 41.421875 45.53125 
Q 43.3125 49.21875 43.3125 52.78125 
Q 43.3125 58.59375 39.234375 62.25 
Q 35.15625 65.921875 28.609375 65.921875 
Q 23.96875 65.921875 18.8125 64.3125 
Q 13.671875 62.703125 7.8125 59.421875 
L 7.8125 69.390625 
Q 13.765625 71.78125 18.9375 73 
Q 24.125 74.21875 28.421875 74.21875 
Q 39.75 74.21875 46.484375 68.546875 
Q 53.21875 62.890625 53.21875 53.421875 
Q 53.21875 48.921875 51.53125 44.890625 
Q 49.859375 40.875 45.40625 35.40625 
Q 44.1875 33.984375 37.640625 27.21875 
Q 31.109375 20.453125 19.1875 8.296875 
z
" id="DejaVuSans-32"/>
      </defs>
      <g style="fill:#808080;" transform="translate(306.1225 64.875471)scale(0.12 -0.12)">
       <use xlink:href="#DejaVuSans-32"/>
      </g>
     </g>
    </g>
    <g id="xtick_3">
     <g id="line2d_3">
      <path clip-path="url(#pc07254d655)" d="M 221.4 214.92 
L 362.631423 133.38 
" style="fill:none;stroke:#b0b0b0;stroke-linecap:square;stroke-width:0.8;"/>
     </g>
     <g id="text_3">
      <!-- 3 -->
      <defs>
       <path d="M 40.578125 39.3125 
Q 47.65625 37.796875 51.625 33 
Q 55.609375 28.21875 55.609375 21.1875 
Q 55.609375 10.40625 48.1875 4.484375 
Q 40.765625 -1.421875 27.09375 -1.421875 
Q 22.515625 -1.421875 17.65625 -0.515625 
Q 12.796875 0.390625 7.625 2.203125 
L 7.625 11.71875 
Q 11.71875 9.328125 16.59375 8.109375 
Q 21.484375 6.890625 26.8125 6.890625 
Q 36.078125 6.890625 40.9375 10.546875 
Q 45.796875 14.203125 45.796875 21.1875 
Q 45.796875 27.640625 41.28125 31.265625 
Q 36.765625 34.90625 28.71875 34.90625 
L 20.21875 34.90625 
L 20.21875 43.015625 
L 29.109375 43.015625 
Q 36.375 43.015625 40.234375 45.921875 
Q 44.09375 48.828125 44.09375 54.296875 
Q 44.09375 59.90625 40.109375 62.90625 
Q 36.140625 65.921875 28.71875 65.921875 
Q 24.65625 65.921875 20.015625 65.03125 
Q 15.375 64.15625 9.8125 62.3125 
L 9.8125 71.09375 
Q 15.4375 72.65625 20.34375 73.4375 
Q 25.25 74.21875 29.59375 74.21875 
Q 40.828125 74.21875 47.359375 69.109375 
Q 53.90625 64.015625 53.90625 55.328125 
Q 53.90625 49.265625 50.4375 45.09375 
Q 46.96875 40.921875 40.578125 39.3125 
z
" id="DejaVuSans-33"/>
      </defs>
      <g style="fill:#808080;" transform="translate(370.938279 129.69125)scale(0.12 -0.12)">
       <use xlink:href="#DejaVuSans-33"/>
      </g>
     </g>
    </g>
    <g id="xtick_4">
     <g id="line2d_4">
      <path clip-path="url(#pc07254d655)" d="M 221.4 214.92 
L 384.48 214.92 
" style="fill:none;stroke:#b0b0b0;stroke-linecap:square;stroke-width:0.8;"/>
     </g>
     <g id="text_4">
      <!-- 5 -->
      <defs>
       <path d="M 10.796875 72.90625 
L 49.515625 72.90625 
L 49.515625 64.59375 
L 19.828125 64.59375 
L 19.828125 46.734375 
Q 21.96875 47.46875 24.109375 47.828125 
Q 26.265625 48.1875 28.421875 48.1875 
Q 40.625 48.1875 47.75 41.5 
Q 54.890625 34.8125 54.890625 23.390625 
Q 54.890625 11.625 47.5625 5.09375 
Q 40.234375 -1.421875 26.90625 -1.421875 
Q 22.3125 -1.421875 17.546875 -0.640625 
Q 12.796875 0.140625 7.71875 1.703125 
L 7.71875 11.625 
Q 12.109375 9.234375 16.796875 8.0625 
Q 21.484375 6.890625 26.703125 6.890625 
Q 35.15625 6.890625 40.078125 11.328125 
Q 45.015625 15.765625 45.015625 23.390625 
Q 45.015625 31 40.078125 35.4375 
Q 35.15625 39.890625 26.703125 39.890625 
Q 22.75 39.890625 18.8125 39.015625 
Q 14.890625 38.140625 10.796875 36.28125 
z
" id="DejaVuSans-35"/>
      </defs>
      <g style="fill:#808080;" transform="translate(394.6625 218.23125)scale(0.12 -0.12)">
       <use xlink:href="#DejaVuSans-35"/>
      </g>
     </g>
    </g>
    <g id="xtick_5">
     <g id="line2d_5">
      <path clip-path="url(#pc07254d655)" d="M 221.4 214.92 
L 362.631423 296.46 
" style="fill:none;stroke:#b0b0b0;stroke-linecap:square;stroke-width:0.8;"/>
     </g>
     <g id="text_5">
      <!-- 7 -->
      <defs>
       <path d="M 8.203125 72.90625 
L 55.078125 72.90625 
L 55.078125 68.703125 
L 28.609375 0 
L 18.3125 0 
L 43.21875 64.59375 
L 8.203125 64.59375 
z
" id="DejaVuSans-37"/>
      </defs>
      <g style="fill:#808080;" transform="translate(370.938279 306.77125)scale(0.12 -0.12)">
       <use xlink:href="#DejaVuSans-37"/>
      </g>
     </g>
    </g>
    <g id="xtick_6">
     <g id="line2d_6">
      <path clip-path="url(#pc07254d655)" d="M 221.4 214.92 
L 302.94 356.151423 
" style="fill:none;stroke:#b0b0b0;stroke-linecap:square;stroke-width:0.8;"/>
     </g>
     <g id="text_6">
      <!-- 8 -->
      <defs>
       <path d="M 31.78125 34.625 
Q 24.75 34.625 20.71875 30.859375 
Q 16.703125 27.09375 16.703125 20.515625 
Q 16.703125 13.921875 20.71875 10.15625 
Q 24.75 6.390625 31.78125 6.390625 
Q 38.8125 6.390625 42.859375 10.171875 
Q 46.921875 13.96875 46.921875 20.515625 
Q 46.921875 27.09375 42.890625 30.859375 
Q 38.875 34.625 31.78125 34.625 
z
M 21.921875 38.8125 
Q 15.578125 40.375 12.03125 44.71875 
Q 8.5 49.078125 8.5 55.328125 
Q 8.5 64.0625 14.71875 69.140625 
Q 20.953125 74.21875 31.78125 74.21875 
Q 42.671875 74.21875 48.875 69.140625 
Q 55.078125 64.0625 55.078125 55.328125 
Q 55.078125 49.078125 51.53125 44.71875 
Q 48 40.375 41.703125 38.8125 
Q 48.828125 37.15625 52.796875 32.3125 
Q 56.78125 27.484375 56.78125 20.515625 
Q 56.78125 9.90625 50.3125 4.234375 
Q 43.84375 -1.421875 31.78125 -1.421875 
Q 19.734375 -1.421875 13.25 4.234375 
Q 6.78125 9.90625 6.78125 20.515625 
Q 6.78125 27.484375 10.78125 32.3125 
Q 14.796875 37.15625 21.921875 38.8125 
z
M 18.3125 54.390625 
Q 18.3125 48.734375 21.84375 45.5625 
Q 25.390625 42.390625 31.78125 42.390625 
Q 38.140625 42.390625 41.71875 45.5625 
Q 45.3125 48.734375 45.3125 54.390625 
Q 45.3125 60.0625 41.71875 63.234375 
Q 38.140625 66.40625 31.78125 66.40625 
Q 25.390625 66.40625 21.84375 63.234375 
Q 18.3125 60.0625 18.3125 54.390625 
z
" id="DejaVuSans-38"/>
      </defs>
      <g style="fill:#808080;" transform="translate(306.1225 371.587029)scale(0.12 -0.12)">
       <use xlink:href="#DejaVuSans-38"/>
      </g>
     </g>
    </g>
    <g id="xtick_7">
     <g id="line2d_7">
      <path clip-path="url(#pc07254d655)" d="M 221.4 214.92 
L 221.4 378 
" style="fill:none;stroke:#b0b0b0;stroke-linecap:square;stroke-width:0.8;"/>
     </g>
     <g id="text_7">
      <!-- 9 -->
      <defs>
       <path d="M 10.984375 1.515625 
L 10.984375 10.5 
Q 14.703125 8.734375 18.5 7.8125 
Q 22.3125 6.890625 25.984375 6.890625 
Q 35.75 6.890625 40.890625 13.453125 
Q 46.046875 20.015625 46.78125 33.40625 
Q 43.953125 29.203125 39.59375 26.953125 
Q 35.25 24.703125 29.984375 24.703125 
Q 19.046875 24.703125 12.671875 31.3125 
Q 6.296875 37.9375 6.296875 49.421875 
Q 6.296875 60.640625 12.9375 67.421875 
Q 19.578125 74.21875 30.609375 74.21875 
Q 43.265625 74.21875 49.921875 64.515625 
Q 56.59375 54.828125 56.59375 36.375 
Q 56.59375 19.140625 48.40625 8.859375 
Q 40.234375 -1.421875 26.421875 -1.421875 
Q 22.703125 -1.421875 18.890625 -0.6875 
Q 15.09375 0.046875 10.984375 1.515625 
z
M 30.609375 32.421875 
Q 37.25 32.421875 41.125 36.953125 
Q 45.015625 41.5 45.015625 49.421875 
Q 45.015625 57.28125 41.125 61.84375 
Q 37.25 66.40625 30.609375 66.40625 
Q 23.96875 66.40625 20.09375 61.84375 
Q 16.21875 57.28125 16.21875 49.421875 
Q 16.21875 41.5 20.09375 36.953125 
Q 23.96875 32.421875 30.609375 32.421875 
z
" id="DejaVuSans-39"/>
      </defs>
      <g style="fill:#808080;" transform="translate(217.5825 395.31125)scale(0.12 -0.12)">
       <use xlink:href="#DejaVuSans-39"/>
      </g>
     </g>
    </g>
    <g id="xtick_8">
     <g id="line2d_8">
      <path clip-path="url(#pc07254d655)" d="M 221.4 214.92 
L 139.86 356.151423 
" style="fill:none;stroke:#b0b0b0;stroke-linecap:square;stroke-width:0.8;"/>
     </g>
     <g id="text_8">
      <!-- 10 -->
      <defs>
       <path d="M 31.78125 66.40625 
Q 24.171875 66.40625 20.328125 58.90625 
Q 16.5 51.421875 16.5 36.375 
Q 16.5 21.390625 20.328125 13.890625 
Q 24.171875 6.390625 31.78125 6.390625 
Q 39.453125 6.390625 43.28125 13.890625 
Q 47.125 21.390625 47.125 36.375 
Q 47.125 51.421875 43.28125 58.90625 
Q 39.453125 66.40625 31.78125 66.40625 
z
M 31.78125 74.21875 
Q 44.046875 74.21875 50.515625 64.515625 
Q 56.984375 54.828125 56.984375 36.375 
Q 56.984375 17.96875 50.515625 8.265625 
Q 44.046875 -1.421875 31.78125 -1.421875 
Q 19.53125 -1.421875 13.0625 8.265625 
Q 6.59375 17.96875 6.59375 36.375 
Q 6.59375 54.828125 13.0625 64.515625 
Q 19.53125 74.21875 31.78125 74.21875 
z
" id="DejaVuSans-30"/>
      </defs>
      <g style="fill:#808080;" transform="translate(125.225 371.587029)scale(0.12 -0.12)">
       <use xlink:href="#DejaVuSans-31"/>
       <use x="63.623047" xlink:href="#DejaVuSans-30"/>
      </g>
     </g>
    </g>
    <g id="xtick_9">
     <g id="line2d_9">
      <path clip-path="url(#pc07254d655)" d="M 221.4 214.92 
L 80.168577 296.46 
" style="fill:none;stroke:#b0b0b0;stroke-linecap:square;stroke-width:0.8;"/>
     </g>
     <g id="text_9">
      <!-- 11 -->
      <g style="fill:#808080;" transform="translate(60.409221 306.77125)scale(0.12 -0.12)">
       <use xlink:href="#DejaVuSans-31"/>
       <use x="63.623047" xlink:href="#DejaVuSans-31"/>
      </g>
     </g>
    </g>
    <g id="xtick_10">
     <g id="line2d_10">
      <path clip-path="url(#pc07254d655)" d="M 221.4 214.92 
L 58.32 214.92 
" style="fill:none;stroke:#b0b0b0;stroke-linecap:square;stroke-width:0.8;"/>
     </g>
     <g id="text_10">
      <!-- 12 -->
      <g style="fill:#808080;" transform="translate(36.685 218.23125)scale(0.12 -0.12)">
       <use xlink:href="#DejaVuSans-31"/>
       <use x="63.623047" xlink:href="#DejaVuSans-32"/>
      </g>
     </g>
    </g>
    <g id="xtick_11">
     <g id="line2d_11">
      <path clip-path="url(#pc07254d655)" d="M 221.4 214.92 
L 80.168577 133.38 
" style="fill:none;stroke:#b0b0b0;stroke-linecap:square;stroke-width:0.8;"/>
     </g>
     <g id="text_11">
      <!-- 13 -->
      <g style="fill:#808080;" transform="translate(60.409221 129.69125)scale(0.12 -0.12)">
       <use xlink:href="#DejaVuSans-31"/>
       <use x="63.623047" xlink:href="#DejaVuSans-33"/>
      </g>
     </g>
    </g>
    <g id="xtick_12">
     <g id="line2d_12">
      <path clip-path="url(#pc07254d655)" d="M 221.4 214.92 
L 139.86 73.688577 
" style="fill:none;stroke:#b0b0b0;stroke-linecap:square;stroke-width:0.8;"/>
     </g>
     <g id="text_12">
      <!-- 17 -->
      <g style="fill:#808080;" transform="translate(125.225 64.875471)scale(0.12 -0.12)">
       <use xlink:href="#DejaVuSans-31"/>
       <use x="63.623047" xlink:href="#DejaVuSans-37"/>
      </g>
     </g>
    </g>
   </g>
   <g id="matplotlib.axis_2">
    <g id="ytick_1">
     <g id="line2d_13">
      <path clip-path="url(#pc07254d655)" d="M 221.4 117.072 
L 224.814846 117.131606 
L 228.225531 117.310353 
L 231.627901 117.608022 
L 235.01781 118.02425 
L 238.391127 118.558531 
L 241.743743 119.210214 
L 245.071574 119.978504 
L 248.370564 120.862466 
L 251.636695 121.861022 
L 254.865987 122.972956 
L 258.054506 124.196914 
L 261.198367 125.531404 
L 264.29374 126.9748 
L 267.336853 128.525344 
L 270.324 130.181146 
L 273.25154 131.94019 
L 276.115907 133.800332 
L 278.913611 135.759305 
L 281.641244 137.814724 
L 284.295482 139.964083 
L 286.873092 142.204765 
L 289.370932 144.534039 
L 291.785961 146.949068 
L 294.115235 149.446908 
L 296.355917 152.024518 
L 298.505276 154.678756 
L 300.560695 157.406389 
L 302.519668 160.204093 
L 304.37981 163.06846 
L 306.138854 165.996 
L 307.794656 168.983147 
L 309.3452 172.02626 
L 310.788596 175.121633 
L 312.123086 178.265494 
L 313.347044 181.454013 
L 314.458978 184.683305 
L 315.457534 187.949436 
L 316.341496 191.248426 
L 317.109786 194.576257 
L 317.761469 197.928873 
L 318.29575 201.30219 
L 318.711978 204.692099 
L 319.009647 208.094469 
L 319.188394 211.505154 
L 319.248 214.92 
L 319.188394 218.334846 
L 319.009647 221.745531 
L 318.711978 225.147901 
L 318.29575 228.53781 
L 317.761469 231.911127 
L 317.109786 235.263743 
L 316.341496 238.591574 
L 315.457534 241.890564 
L 314.458978 245.156695 
L 313.347044 248.385987 
L 312.123086 251.574506 
L 310.788596 254.718367 
L 309.3452 257.81374 
L 307.794656 260.856853 
L 306.138854 263.844 
L 304.37981 266.77154 
L 302.519668 269.635907 
L 300.560695 272.433611 
L 298.505276 275.161244 
L 296.355917 277.815482 
L 294.115235 280.393092 
L 291.785961 282.890932 
L 289.370932 285.305961 
L 286.873092 287.635235 
L 284.295482 289.875917 
L 281.641244 292.025276 
L 278.913611 294.080695 
L 276.115907 296.039668 
L 273.25154 297.89981 
L 270.324 299.658854 
L 267.336853 301.314656 
L 264.29374 302.8652 
L 261.198367 304.308596 
L 258.054506 305.643086 
L 254.865987 306.867044 
L 251.636695 307.978978 
L 248.370564 308.977534 
L 245.071574 309.861496 
L 241.743743 310.629786 
L 238.391127 311.281469 
L 235.01781 311.81575 
L 231.627901 312.231978 
L 228.225531 312.529647 
L 224.814846 312.708394 
L 221.4 312.768 
L 217.985154 312.708394 
L 214.574469 312.529647 
L 211.172099 312.231978 
L 207.78219 311.81575 
L 204.408873 311.281469 
L 201.056257 310.629786 
L 197.728426 309.861496 
L 194.429436 308.977534 
L 191.163305 307.978978 
L 187.934013 306.867044 
L 184.745494 305.643086 
L 181.601633 304.308596 
L 178.50626 302.8652 
L 175.463147 301.314656 
L 172.476 299.658854 
L 169.54846 297.89981 
L 166.684093 296.039668 
L 163.886389 294.080695 
L 161.158756 292.025276 
L 158.504518 289.875917 
L 155.926908 287.635235 
L 153.429068 285.305961 
L 151.014039 282.890932 
L 148.684765 280.393092 
L 146.444083 277.815482 
L 144.294724 275.161244 
L 142.239305 272.433611 
L 140.280332 269.635907 
L 138.42019 266.77154 
L 136.661146 263.844 
L 135.005344 260.856853 
L 133.4548 257.81374 
L 132.011404 254.718367 
L 130.676914 251.574506 
L 129.452956 248.385987 
L 128.341022 245.156695 
L 127.342466 241.890564 
L 126.458504 238.591574 
L 125.690214 235.263743 
L 125.038531 231.911127 
L 124.50425 228.53781 
L 124.088022 225.147901 
L 123.790353 221.745531 
L 123.611606 218.334846 
L 123.552 214.92 
L 123.611606 211.505154 
L 123.790353 208.094469 
L 124.088022 204.692099 
L 124.50425 201.30219 
L 125.038531 197.928873 
L 125.690214 194.576257 
L 126.458504 191.248426 
L 127.342466 187.949436 
L 128.341022 184.683305 
L 129.452956 181.454013 
L 130.676914 178.265494 
L 132.011404 175.121633 
L 133.4548 172.02626 
L 135.005344 168.983147 
L 136.661146 165.996 
L 138.42019 163.06846 
L 140.280332 160.204093 
L 142.239305 157.406389 
L 144.294724 154.678756 
L 146.444083 152.024518 
L 148.684765 149.446908 
L 151.014039 146.949068 
L 153.429068 144.534039 
L 155.926908 142.204765 
L 158.504518 139.964083 
L 161.158756 137.814724 
L 163.886389 135.759305 
L 166.684093 133.800332 
L 169.54846 131.94019 
L 172.476 130.181146 
L 175.463147 128.525344 
L 178.50626 126.9748 
L 181.601633 125.531404 
L 184.745494 124.196914 
L 187.934013 122.972956 
L 191.163305 121.861022 
L 194.429436 120.862466 
L 197.728426 119.978504 
L 201.056257 119.210214 
L 204.408873 118.558531 
L 207.78219 118.02425 
L 211.172099 117.608022 
L 214.574469 117.310353 
L 217.985154 117.131606 
L 221.4 117.072 
L 221.4 117.072 
" style="fill:none;stroke:#b0b0b0;stroke-linecap:square;stroke-width:0.8;"/>
     </g>
     <g id="text_13">
      <!-- 3 -->
      <g style="fill:#808080;" transform="translate(221.4 114.992313)scale(0.1 -0.1)">
       <use xlink:href="#DejaVuSans-33"/>
      </g>
     </g>
    </g>
   </g>
   <g id="line2d_14">
    <path clip-path="url(#pc07254d655)" d="M 221.4 149.688 
L 254.016 158.427431 
L 249.646285 198.612 
L 254.016 214.92 
L 249.646285 231.228 
L 270.324 299.658854 
L 221.4 247.536 
L 205.092 243.166285 
L 136.661146 263.844 
L 188.784 214.92 
L 164.907431 182.304 
L 188.784 158.427431 
L 221.4 149.688 
" style="fill:none;stroke:#90ee90;stroke-linecap:square;stroke-width:1.5;"/>
   </g>
   <g id="patch_4">
    <path d="M 221.4 51.84 
C 199.984531 51.84 178.7773 56.058381 158.991986 64.253726 
C 139.206672 72.449071 121.22805 84.462003 106.085026 99.605026 
C 90.942003 114.74805 78.929071 132.726672 70.733726 152.511986 
C 62.538381 172.2973 58.32 193.504531 58.32 214.92 
C 58.32 236.335469 62.538381 257.5427 70.733726 277.328014 
C 78.929071 297.113328 90.942003 315.09195 106.085026 330.234974 
C 121.22805 345.377997 139.206672 357.390929 158.991986 365.586274 
C 178.7773 373.781619 199.984531 378 221.4 378 
C 242.815469 378 264.0227 373.781619 283.808014 365.586274 
C 303.593328 357.390929 321.57195 345.377997 336.714974 330.234974 
C 351.857997 315.09195 363.870929 297.113328 372.066274 277.328014 
C 380.261619 257.5427 384.48 236.335469 384.48 214.92 
C 384.48 193.504531 380.261619 172.2973 372.066274 152.511986 
C 363.870929 132.726672 351.857997 114.74805 336.714974 99.605026 
C 321.57195 84.462003 303.593328 72.449071 283.808014 64.253726 
C 264.0227 56.058381 242.815469 51.84 221.4 51.84 
" style="fill:none;stroke:#000000;stroke-linecap:square;stroke-linejoin:miter;stroke-width:0.8;"/>
   </g>
  </g>
 </g>
 <defs>
  <clipPath id="pc07254d655">
   <path d="M 384.48 214.92 
C 384.48 193.504531 380.261619 172.2973 372.066274 152.511986 
C 363.870929 132.726672 351.857997 114.74805 336.714974 99.605026 
C 321.57195 84.462003 303.593328 72.449071 283.808014 64.253726 
C 264.0227 56.058381 242.815469 51.84 221.4 51.84 
C 199.984531 51.84 178.7773 56.058381 158.991986 64.253726 
C 139.206672 72.449071 121.22805 84.462003 106.085026 99.605026 
C 90.942003 114.74805 78.929071 132.726672 70.733726 152.511986 
C 62.538381 172.2973 58.32 193.504531 58.32 214.92 
C 58.32 236.335469 62.538381 257.5427 70.733726 277.328014 
C 78.929071 297.113328 90.942003 315.09195 106.085026 330.234974 
C 121.22805 345.377997 139.206672 357.390929 158.991986 365.586274 
C 178.7773 373.781619 199.984531 378 221.4 378 
C 242.815469 378 264.0227 373.781619 283.808014 365.586274 
C 303.593328 357.390929 321.57195 345.377997 336.714974 330.234974 
C 351.857997 315.09195 363.870929 297.113328 372.066274 277.328014 
C 380.261619 257.5427 384.48 236.335469 384.48 214.92 
M 221.4 214.92 
C 221.4 214.92 221.4 214.92 221.4 214.92 
C 221.4 214.92 221.4 214.92 221.4 214.92 
C 221.4 214.92 221.4 214.92 221.4 214.92 
C 221.4 214.92 221.4 214.92 221.4 214.92 
C 221.4 214.92 221.4 214.92 221.4 214.92 
C 221.4 214.92 221.4 214.92 221.4 214.92 
C 221.4 214.92 221.4 214.92 221.4 214.92 
C 221.4 214.92 221.4 214.92 221.4 214.92 
C 221.4 214.92 221.4 214.92 221.4 214.92 
C 221.4 214.92 221.4 214.92 221.4 214.92 
C 221.4 214.92 221.4 214.92 221.4 214.92 
C 221.4 214.92 221.4 214.92 221.4 214.92 
C 221.4 214.92 221.4 214.92 221.4 214.92 
C 221.4 214.92 221.4 214.92 221.4 214.92 
C 221.4 214.92 221.4 214.92 221.4 214.92 
C 221.4 214.92 221.4 214.92 221.4 214.92 
M 384.48 214.92 
z
"/>
  </clipPath>
 </defs>
</svg>
